12;40;40;20;12
10;30;20;50;12
8;10;45;45;10
4;0;10;90;8
12;40;40;20;12
10;30;20;50;12
8;10;45;45;10
4;0;10;90;8;
12;40;40;20;12
10;30;20;50;12
8;10;45;45;10
4;0;10;90;8
13;40;40;20;12
13;30;20;50;12
11;10;45;45;10
13;0;10;90;8
113;0;10;90;8


113;0;10;90;8;
12;40;40;20;12;
10;30;20;50;12;
8;10;45;45;10;
4;0;10;90;8;
12;40;40;20;12;
10;30;20;50;12;
8;10;45;45;10;
4;0;10;90;8;
12;40;40;20;12;
10;30;20;50;12;
8;10;45;45;10;
4;0;10;90;8;
13;40;40;20;12;
13;30;20;50;12;
11;10;45;45;10;
13;0;10;90;8;
113;0;10;90;8;